# Order parameter values
  1.129628
  1.130605
  1.131578
  1.132542
  1.133502
  1.134453
  1.135390
  1.136337
  1.137271
  1.138195
  1.139116
  1.140027
  1.140934
  1.141830
  1.142727
  1.143619
  1.144493
  1.145372
  1.146233
  1.147099
  1.147945
  1.148800
  1.149642
  1.150472
  1.151304
  1.152121
  1.152937
  1.153744
  1.154557
  1.155348
  1.156131
  1.156919
  1.157696
  1.158464
  1.159229
  1.159982
  1.160736
  1.161486
  1.162225
  1.162962
  1.163681
  1.164406
  1.165129
  1.165841
  1.166535
  1.167235
  1.167933
  1.168620
  1.169297
  1.169974
  1.170647
  1.171310
  1.171972
  1.172622
  1.173281
  1.173921
  1.174558
  1.175184
  1.175819
  1.176433
  1.177056
  1.177668
  1.178269
  1.178869
  1.179470
  1.180068
  1.180655
  1.181232
  1.181817
  1.182391
  1.182965
  1.183518
  1.184080
  1.184641
  1.185191
  1.185741
  1.186290
  1.186818
  1.187355
  1.187882
  1.188418
  1.188933
  1.189468
  1.189972
  1.190485
  1.190986
  1.191498
  1.191999
  1.192500
  1.192990
  1.193480
  1.193969
  1.194458
  1.194936
  1.195412
  1.195889
  1.196356
  1.196832
  1.197289
  1.197754
  1.198217
  1.198672
  1.199126
  1.199580
  1.200024
  1.200475
  1.200908
  1.201350
  1.201793
  1.202223
  1.202654
  1.203096
  1.203515
  1.203946
  1.204367
  1.204787
  1.205205
  1.205625
  1.206035
  1.206453
  1.206862
  1.207270
  1.207679
  1.208088
  1.208485
  1.208894
  1.209292
  1.209689
  1.210087
  1.210474
  1.210872
  1.211259
  1.211657
  1.212045
  1.212431
  1.212819
  1.213206
  1.213584
  1.213960
  1.214338
  1.214714
  1.215092
  1.215468
  1.215846
  1.216222
  1.216598
  1.216976
  1.217342
  1.217710
  1.218077
  1.218455
  1.218811
  1.219187
  1.219546
  1.219922
  1.220278
  1.220647
  1.221013
  1.221371
  1.221738
  1.222104
  1.222463
  1.222820
  1.223186
  1.223543
  1.223902
  1.224268
  1.224625
  1.224993
  1.225340
  1.225707
  1.226054
  1.226421
  1.226769
  1.227126
  1.227483
  1.227829
  1.228186
  1.228533
  1.228889
  1.229235
  1.229582
  1.229928
  1.230275
  1.230621
  1.230967
  1.231303
  1.231649
  1.231984
  1.232330
  1.232664
  1.232999
  1.233335
  1.233658
  1.233993
  1.234318
  1.234641
  1.234966
  1.235289
  1.235613
  1.235925
  1.236238
  1.236561
  1.236873
  1.237185
  1.237476
  1.237787
  1.238088
  1.238389
  1.238680
  1.238980
  1.239270
  1.239560
  1.239840
  1.240118
  1.240397
  1.240674
  1.240943
  1.241210
  1.241468
  1.241734
  1.241990
  1.242245
  1.242501
  1.242746
  1.242981
  1.243225
  1.243460
  1.243684
  1.243916
  1.244129
  1.244352
  1.244563
  1.244764
  1.244976
  1.245177
  1.245367
  1.245556
  1.245746
  1.245914
  1.246102
  1.246261
  1.246428
  1.246576
  1.246742
  1.246879
  1.247025
  1.247160
  1.247295
  1.247420
  1.247535
  1.247648
  1.247752
  1.247854
  1.247957
  1.248049
  1.248131
  1.248204
  1.248275
  1.248336
  1.248395
  1.248446
  1.248496
  1.248535
  1.248565
  1.248594
  1.248602
  1.248620
  1.248628
