# Order parameter values
  1.130268
  1.130577
  1.130896
  1.131217
  1.131527
  1.131837
  1.132147
  1.132458
  1.132769
  1.133071
  1.133383
  1.133685
  1.133997
  1.134300
  1.134603
  1.134906
  1.135200
  1.135503
  1.135798
  1.136092
  1.136387
  1.136682
  1.136967
  1.137263
  1.137548
  1.137835
  1.138121
  1.138398
  1.138684
  1.138951
  1.139239
  1.139506
  1.139795
  1.140063
  1.140320
  1.140600
  1.140859
  1.141129
  1.141398
  1.141658
  1.141908
  1.142168
  1.142419
  1.142670
  1.142920
  1.143162
  1.143404
  1.143655
  1.143898
  1.144130
  1.144372
  1.144606
  1.144838
  1.145071
  1.145296
  1.145510
  1.145734
  1.145959
  1.146163
  1.146387
  1.146594
  1.146798
  1.147004
  1.147209
  1.147404
  1.147602
  1.147798
  1.147984
  1.148171
  1.148347
  1.148534
  1.148712
  1.148880
  1.149058
  1.149226
  1.149393
  1.149552
  1.149710
  1.149860
  1.150018
  1.150168
  1.150308
  1.150457
  1.150586
  1.150727
  1.150857
  1.150985
  1.151106
  1.151228
  1.151338
  1.151450
  1.151560
  1.151672
  1.151772
  1.151866
  1.151966
  1.152049
  1.152140
  1.152223
  1.152305
  1.152379
  1.152450
  1.152523
  1.152586
  1.152640
  1.152702
  1.152746
  1.152799
  1.152844
  1.152887
  1.152921
  1.152955
  1.152978
  1.153013
  1.153028
  1.153042
  1.153068
  1.153074
  1.153077
  1.153084
  1.153078
  1.153064
  1.153060
  1.153056
  1.153031
  1.153018
  1.152984
  1.152960
  1.152926
  1.152883
  1.152848
  1.152805
  1.152753
  1.152699
  1.152647
  1.152594
  1.152523
  1.152460
  1.152388
  1.152306
  1.152224
  1.152141
  1.152060
  1.151969
  1.151869
  1.151766
  1.151656
  1.151545
  1.151434
  1.151322
  1.151202
  1.151082
  1.150941
  1.150810
  1.150679
  1.150530
  1.150389
  1.150229
  1.150078
  1.149919
  1.149766
  1.149596
  1.149426
  1.149245
  1.149065
  1.148893
  1.148702
  1.148510
  1.148310
  1.148119
  1.147908
  1.147707
  1.147485
  1.147273
  1.147051
  1.146838
  1.146607
  1.146374
  1.146140
  1.145896
  1.145654
  1.145409
  1.145155
  1.144901
  1.144644
  1.144380
  1.144103
  1.143837
  1.143562
  1.143283
  1.142987
  1.142708
  1.142410
  1.142129
  1.141819
  1.141520
  1.141210
  1.140897
  1.140585
  1.140263
  1.139937
  1.139616
  1.139280
  1.138953
  1.138607
  1.138270
  1.137920
  1.137572
  1.137212
  1.136853
  1.136499
  1.136138
  1.135764
  1.135389
  1.135014
  1.134638
  1.134248
  1.133870
  1.133470
  1.133079
  1.132677
  1.132284
  1.131882
  1.131475
  1.131059
  1.130652
  1.130231
  1.129813
  1.129380
  1.128960
  1.128536
  1.128092
  1.127654
  1.127216
  1.126776
  1.126336
  1.125875
  1.125423
  1.124977
  1.124520
  1.124055
  1.123585
  1.123126
  1.122655
  1.122193
  1.121708
  1.121233
  1.120756
  1.120276
  1.119787
  1.119306
  1.118813
  1.118318
  1.117825
  1.117335
  1.116838
  1.116337
  1.115836
  1.115334
  1.114841
  1.114326
  1.113826
  1.113317
  1.112808
  1.112310
  1.111787
  1.111283
  1.110777
  1.110260
  1.109744
  1.109234
  1.108722
  1.108212
  1.107691
  1.107184
  1.106670
  1.106154
  1.105644
  1.105126
  1.104625
  1.104115
  1.103593
  1.103098
  1.102583
  1.102079
  1.101562
  1.101063
  1.100557
  1.100046
  1.099547
  1.099044
  1.098550
  1.098047
  1.097552
  1.097057
  1.096571
  1.096094
  1.095606
  1.095117
  1.094629
  1.094150
  1.093678
  1.093206
  1.092734
  1.092262
  1.091796
  1.091334
  1.090880
  1.090424
  1.089970
  1.089524
  1.089075
  1.088639
  1.088200
  1.087774
  1.087343
  1.086917
  1.086496
  1.086077
  1.085676
  1.085267
  1.084866
  1.084475
  1.084084
  1.083693
  1.083300
  1.082929
  1.082548
  1.082186
  1.081833
  1.081471
  1.081118
  1.080766
  1.080425
  1.080091
  1.079757
  1.079435
  1.079123
  1.078800
  1.078498
  1.078196
  1.077901
  1.077609
  1.077329
  1.077047
  1.076776
  1.076514
  1.076251
  1.076001
  1.075748
  1.075498
  1.075257
  1.075026
  1.074805
  1.074594
  1.074375
  1.074166
  1.073975
  1.073778
  1.073588
  1.073409
  1.073231
  1.073054
  1.072896
  1.072737
  1.072581
  1.072435
  1.072299
  1.072162
  1.072036
  1.071911
  1.071795
  1.071679
  1.071575
  1.071473
  1.071386
  1.071294
  1.071209
  1.071136
  1.071064
  1.070991
  1.070928
  1.070867
  1.070824
  1.070775
  1.070732
  1.070693
  1.070672
  1.070643
  1.070611
  1.070594
  1.070584
  1.070575
  1.070566
  1.070558
  1.070570
  1.070583
  1.070595
  1.070597
  1.070623
  1.070645
  1.070669
  1.070703
  1.070729
  1.070763
  1.070799
  1.070843
  1.070881
  1.070935
  1.070982
  1.071040
  1.071086
  1.071134
  1.071191
  1.071251
  1.071318
  1.071376
  1.071444
  1.071513
  1.071582
  1.071654
  1.071723
  1.071785
  1.071856
  1.071928
  1.072009
  1.072080
  1.072142
  1.072225
  1.072298
  1.072370
  1.072443
  1.072509
  1.072592
  1.072646
  1.072721
  1.072796
  1.072871
  1.072927
  1.073004
  1.073070
  1.073137
  1.073194
  1.073250
  1.073319
  1.073367
  1.073424
  1.073484
  1.073543
  1.073592
  1.073632
  1.073672
  1.073713
  1.073763
  1.073804
  1.073836
  1.073867
  1.073899
  1.073923
  1.073946
  1.073968
  1.073993
  1.073997
  1.074021
  1.074027
  1.074031
  1.074036
  1.074032
  1.074038
  1.074026
  1.074022
  1.073999
  1.073985
  1.073963
  1.073943
  1.073923
  1.073881
  1.073851
  1.073811
  1.073771
  1.073731
  1.073683
  1.073635
  1.073577
  1.073529
  1.073461
  1.073405
  1.073329
  1.073273
  1.073197
  1.073111
  1.073047
  1.072963
  1.072869
  1.072787
  1.072693
  1.072601
  1.072509
  1.072408
  1.072307
  1.072206
  1.072104
  1.071996
  1.071886
  1.071768
  1.071659
  1.071541
  1.071435
  1.071308
  1.071182
  1.071066
  1.070939
  1.070805
  1.070680
  1.070558
  1.070433
  1.070300
  1.070168
  1.070037
  1.069894
  1.069773
  1.069633
  1.069504
  1.069373
  1.069234
  1.069098
  1.068959
  1.068832
  1.068695
  1.068569
  1.068434
  1.068308
  1.068165
  1.068039
  1.067917
  1.067783
  1.067661
  1.067539
  1.067419
  1.067299
  1.067177
  1.067058
  1.066950
  1.066831
  1.066725
  1.066618
  1.066511
  1.066414
  1.066309
  1.066204
  1.066121
  1.066028
  1.065943
  1.065863
  1.065779
  1.065700
  1.065638
  1.065558
  1.065498
  1.065440
  1.065380
  1.065333
  1.065285
  1.065249
  1.065214
  1.065169
  1.065144
  1.065121
  1.065107
  1.065095
  1.065080
  1.065091
  1.065089
  1.065090
  1.065108
  1.065130
  1.065153
  1.065193
  1.065225
  1.065268
  1.065323
  1.065376
  1.065442
  1.065508
  1.065585
  1.065660
  1.065748
  1.065845
  1.065946
  1.066064
  1.066174
  1.066285
  1.066415
  1.066558
  1.066689
  1.066842
  1.066995
  1.067159
  1.067324
  1.067499
  1.067684
  1.067871
  1.068077
  1.068275
  1.068492
  1.068701
  1.068931
  1.069160
  1.069411
  1.069651
  1.069912
  1.070173
  1.070437
  1.070709
  1.070993
  1.071286
  1.071581
  1.071877
  1.072192
  1.072508
  1.072825
  1.073162
  1.073499
  1.073846
  1.074186
  1.074544
  1.074914
  1.075273
  1.075645
  1.076026
  1.076418
  1.076810
  1.077212
  1.077615
  1.078028
  1.078441
  1.078867
  1.079290
  1.079736
  1.080171
  1.080617
  1.081062
  1.081519
  1.081986
  1.082454
  1.082921
  1.083409
  1.083887
  1.084365
  1.084863
  1.085361
  1.085871
  1.086370
  1.086890
  1.087408
  1.087929
  1.088447
  1.088987
  1.089516
  1.090066
  1.090607
  1.091157
  1.091707
  1.092267
  1.092827
  1.093396
  1.093966
  1.094535
  1.095124
  1.095693
  1.096282
  1.096870
  1.097461
  1.098058
  1.098666
  1.099265
  1.099872
  1.100478
  1.101096
  1.101712
  1.102329
  1.102954
  1.103580
  1.104206
  1.104839
  1.105473
  1.106105
  1.106748
  1.107390
  1.108030
  1.108681
  1.109321
  1.109970
  1.110617
  1.111274
  1.111930
  1.112586
  1.113238
  1.113902
  1.114554
  1.115216
  1.115876
  1.116533
  1.117200
  1.117857
  1.118532
  1.119186
  1.119858
  1.120508
  1.121177
  1.121836
  1.122503
  1.123158
  1.123820
  1.124482
  1.125143
  1.125802
  1.126459
  1.127113
  1.127767
  1.128419
  1.129070
  1.129736
  1.130383
